1 159 325 73 50 62 fragile
2 192 255 106 125 51 standard
3 161 481 139 116 63 fragile
4 382 4485 92 92 34 standard
5 321 4237 90 90 55 fragile
6 186 325 84 92 71 robuste
7 51 8668 200 200 34 robuste
8 309 5587 110 110 90 standard
9 160 323 73 107 33 fragile
10 96 180 131 110 57 robuste
11 190 264 67 75 62 robuste
12 85 8868 220 220 95 robuste
13 127 374 91 86 58 robuste
14 386 5859 119 119 35 standard
15 522 1023 47 47 76 fragile
16 298 6673 119 119 88 standard
17 234 454 67 88 79 robuste
18 179 5435 180 180 20 robuste
19 748 1028 31 31 72 fragile
20 311 8473 185 185 58 robuste
21 172 368 60 129 61 fragile
22 51 6008 200 200 34 robuste
23 446 4163 108 108 76 standard
24 119 159 106 40 21 fragile
25 93 7049 218 218 48 robuste
26 618 4573 97 97 80 fragile
27 321 2696 90 90 55 fragile
28 151 381 136 149 26 robuste
29 378 4246 110 110 53 standard
30 296 399 49 39 52 fragile
31 91 253 32 79 75 standard
32 249 421 128 99 19 fragile
33 91 9481 240 240 65 robuste
34 236 688 77 89 31 robuste
35 207 472 44 33 38 standard
36 96 6152 191 191 89 robuste
37 382 4485 92 92 34 robuste
38 193 516 86 38 75 standard
39 249 6054 163 163 61 standard
40 251 304 82 72 56 robuste
41 283 653 120 148 37 fragile
42 253 483 34 107 34 standard
43 435 870 29 29 63 fragile
44 235 616 140 117 21 standard
45 113 307 140 74 66 standard
46 89 164 38 121 73 robuste
47 248 6371 174 174 42 standard
48 185 212 114 141 74 robuste
49 410 3094 75 75 56 fragile
50 292 8229 146 146 83 standard
51 116 260 74 30 38 fragile
52 284 660 72 64 30 standard
53 178 425 138 68 40 robuste
54 257 759 87 57 51 robuste
55 129 239 70 45 38 fragile
56 303 7803 160 160 28 standard
57 125 368 107 49 24 fragile
58 320 7174 137 137 94 standard
59 519 3954 80 80 40 fragile
60 296 866 126 58 65 standard
61 259 723 66 120 51 robuste
62 112 240 49 93 19 fragile
63 178 414 108 106 79 fragile
64 141 5781 200 200 27 robuste
65 257 506 67 58 66 standard
66 221 228 120 50 54 fragile
67 282 299 121 92 72 robuste
68 467 669 38 38 51 robuste
69 252 635 45 88 62 fragile
70 103 223 111 134 77 standard
71 190 447 105 53 31 robuste
72 285 448 81 76 80 robuste
73 168 433 71 149 43 standard
74 270 335 124 83 29 standard
75 382 3108 92 92 34 standard
76 378 6126 110 110 53 standard
77 246 7803 160 160 28 fragile
78 640 637 40 40 66 fragile
79 245 588 119 136 26 standard
80 721 3292 65 65 89 fragile
81 103 272 54 45 73 robuste
82 157 164 59 76 37 fragile
83 157 241 136 45 34 robuste
84 215 5939 164 164 46 robuste
85 464 1485 60 60 24 fragile
86 86 109 124 71 47 robuste
87 245 321 44 99 43 standard
88 522 1477 47 47 76 robuste
89 67 8668 200 200 34 robuste
90 246 287 73 109 65 standard
91 174 439 93 118 78 standard
92 164 239 105 57 44 fragile
93 169 499 145 129 59 robuste
94 567 1588 53 53 69 fragile
95 148 149 73 149 79 standard
96 160 289 34 88 26 standard
97 434 4447 83 83 82 fragile
98 101 162 31 96 39 fragile
99 100 111 135 140 18 fragile
100 247 4331 130 130 64 standard
101 95 137 135 48 24 standard
102 141 9085 200 200 27 robuste
103 522 1477 44 44 76 fragile
104 245 687 136 66 24 robuste
105 226 5016 128 128 74 standard
106 410 2431 75 75 56 fragile
107 149 233 142 76 79 standard
108 116 5920 210 210 36 robuste
109 660 1320 30 30 25 standard
110 199 237 141 73 29 robuste
111 281 800 97 99 79 fragile
112 137 192 57 49 76 standard
113 120 181 57 63 25 robuste
114 425 4573 97 97 80 fragile
115 346 6708 141 141 29 standard
116 248 5532 155 155 61 robuste
117 275 487 37 108 27 fragile
118 514 1028 31 31 72 standard
119 179 8541 180 180 20 fragile
120 162 214 135 53 52 robuste
121 372 3703 74 74 90 fragile
122 281 732 112 35 54 robuste
123 252 5919 120 120 87 standard
124 208 285 54 71 75 robuste
125 813 1320 30 30 25 fragile
126 454 2795 86 86 86 fragile
127 179 411 42 60 32 standard
128 386 5859 119 119 35 fragile
129 295 6438 152 152 99 fragile
130 159 359 114 48 59 robuste
131 567 1247 53 53 69 fragile
132 226 371 43 141 16 standard
133 346 6708 132 132 29 standard
134 228 6772 133 133 60 standard
135 203 328 67 112 53 fragile
136 245 277 71 147 43 fragile
137 51 8668 197 197 34 robuste
138 422 885 50 50 75 fragile
139 262 4685 150 150 94 standard
140 264 316 75 141 69 standard
141 277 4719 130 130 20 standard
142 226 296 77 86 24 fragile
143 193 8044 170 170 89 robuste
144 145 255 145 40 17 robuste
145 365 5337 101 101 39 fragile
146 294 637 33 70 27 robuste
147 86 244 116 59 75 fragile
148 126 275 86 147 50 standard
149 153 358 72 82 78 fragile
150 90 170 35 131 40 standard
151 275 550 116 137 17 fragile
152 97 238 46 130 41 robuste
153 165 206 139 114 34 fragile
154 96 8875 191 191 89 robuste
155 127 8875 191 191 89 robuste
156 152 194 138 96 30 robuste
157 261 688 103 84 66 standard
158 390 1605 64 64 89 fragile
159 172 330 95 76 17 robuste
160 235 571 108 116 18 fragile
161 241 7174 137 137 94 standard
162 156 8457 173 173 44 robuste
163 117 329 64 87 80 standard
164 99 219 141 113 34 standard
165 237 259 87 94 43 fragile
166 288 467 35 75 58 fragile
167 329 7981 155 155 61 robuste
168 514 1028 31 31 72 fragile
169 360 8109 174 174 42 standard
170 484 5337 101 101 39 standard
171 195 311 140 57 70 standard
172 256 743 82 92 45 fragile
173 264 712 136 118 36 robuste
174 286 588 146 135 76 fragile
175 251 313 101 37 57 standard
176 596 3094 75 75 56 fragile
177 135 6494 182 182 32 robuste
178 243 687 67 119 31 standard
179 189 8926 196 196 75 robuste
180 204 312 138 71 38 standard
181 201 484 114 104 62 fragile
182 184 8518 207 207 42 fragile
183 248 7981 155 155 61 robuste
184 80 184 100 39 35 standard
185 189 540 37 91 66 robuste
186 154 170 118 106 75 robuste
187 472 1728 56 56 59 fragile
188 522 1477 47 47 76 fragile
189 226 7237 125 125 74 standard
190 275 438 122 70 39 standard
191 214 6657 185 185 58 robuste
192 119 160 46 106 63 robuste
193 494 3703 74 74 90 fragile
194 179 8541 180 180 20 robuste
195 122 5282 190 190 90 robuste
196 100 195 77 60 64 robuste
197 410 3094 75 75 56 standard
198 378 1882 70 70 21 fragile
199 139 412 126 125 72 robuste
200 170 429 131 65 22 robuste
201 195 433 70 112 24 fragile
202 435 603 29 29 63 fragile
203 220 8229 146 146 83 fragile
204 464 2335 60 60 24 fragile
205 208 536 110 68 26 robuste
206 247 6807 130 130 64 standard
207 246 388 76 80 55 robuste
208 171 205 77 62 17 standard
209 543 2281 65 65 89 fragile
210 246 7803 160 160 28 standard
211 233 253 93 86 25 standard
212 249 692 132 52 29 robuste
213 248 7981 155 155 61 standard
214 159 445 106 120 25 standard
215 242 339 132 75 43 fragile
216 193 278 42 127 27 fragile
217 422 1392 50 50 75 robuste
218 170 402 74 84 57 standard
219 282 525 46 31 60 fragile
220 288 418 112 131 57 fragile
221 227 378 60 78 60 fragile
222 292 856 96 74 31 fragile
223 627 2493 56 56 59 fragile
224 620 804 42 42 47 fragile
225 262 7363 150 150 94 robuste
226 184 6693 207 207 42 robuste
227 247 6807 130 130 64 fragile
228 640 1002 33 33 66 fragile
229 519 2516 80 80 40 fragile
230 426 631 42 42 47 fragile
231 419 3146 100 100 53 standard
232 390 2043 64 64 89 fragile
233 220 5704 146 146 83 standard
234 157 8044 170 170 89 robuste
235 149 307 64 33 38 standard
236 235 540 61 45 68 fragile
237 507 4485 92 92 34 standard
238 91 172 79 59 67 fragile
239 96 8875 191 191 89 standard
240 182 394 73 135 73 fragile
241 241 552 92 45 18 robuste
242 256 710 121 84 36 standard
243 63 7449 240 240 65 robuste
244 103 178 104 76 31 standard
245 122 8301 190 190 90 standard
246 365 5337 101 101 39 standard
247 150 8301 190 190 90 robuste
248 516 4945 100 100 53 standard
249 81 208 67 71 30 fragile
250 140 325 57 86 71 robuste
251 150 154 67 32 65 fragile
252 91 174 68 145 18 robuste
253 118 5862 173 173 44 robuste
254 221 273 91 141 62 fragile
255 129 244 57 73 77 robuste
256 136 306 141 69 58 robuste
257 163 250 44 81 17 fragile
258 467 669 38 38 51 fragile
259 176 9417 229 229 72 robuste
260 346 6708 141 141 29 fragile
261 296 746 72 141 27 robuste
262 160 290 42 70 69 standard
263 177 449 85 52 31 fragile
264 123 291 105 150 34 fragile
265 267 8518 207 207 42 robuste
266 149 375 36 116 25 fragile
267 309 3555 110 110 90 standard
268 292 775 47 34 51 fragile
269 250 254 62 88 47 standard
270 282 424 58 45 40 robuste
271 263 753 38 69 65 fragile
272 454 3558 86 86 86 standard
273 378 2958 70 70 21 fragile
274 250 427 86 41 55 fragile
275 561 5859 119 119 35 standard
276 395 6673 119 119 88 standard
277 151 292 132 63 58 fragile
278 112 182 107 48 23 fragile
279 378 6126 110 110 53 fragile
280 153 377 56 64 31 fragile
281 83 119 97 146 73 standard
282 426 804 42 42 47 fragile
283 425 3593 97 97 80 fragile
284 214 8473 185 185 58 standard
285 178 351 143 81 71 robuste
286 254 727 93 89 72 fragile
287 147 173 71 32 37 robuste
288 144 162 95 80 75 fragile
289 143 367 112 52 20 standard
290 113 251 30 65 33 standard
291 310 5919 120 120 87 standard
292 173 363 97 96 35 standard
293 241 7174 137 137 94 robuste
294 322 7363 150 150 94 standard
295 105 154 91 65 51 standard
296 285 8569 164 164 46 robuste
297 380 5587 110 110 90 standard
298 131 198 125 83 37 fragile
299 98 211 145 66 35 standard
300 97 120 49 117 75 robuste
301 788 1002 40 40 66 fragile
302 649 5298 108 108 76 standard
303 465 2958 70 70 21 fragile
304 98 274 81 68 73 robuste
305 520 1392 50 50 75 fragile
306 248 8109 174 174 42 robuste
307 118 8457 173 173 44 robuste
308 173 9085 200 200 27 robuste
309 298 4625 119 119 88 standard
310 269 300 81 38 33 robuste
311 166 180 126 89 63 standard
312 179 9369 182 182 32 robuste
313 241 504 106 98 17 fragile
314 287 598 36 49 34 robuste
315 197 236 35 85 17 standard
316 252 3766 120 120 87 standard
317 168 388 126 95 29 robuste
318 241 334 89 119 76 robuste
319 91 104 98 46 50 fragile
320 161 284 95 101 28 standard
321 135 8971 218 218 48 robuste
322 247 6807 123 123 64 standard
323 172 455 131 93 18 fragile
324 135 9369 182 182 32 standard
325 419 4945 100 100 53 standard
326 372 2566 74 74 90 fragile
327 227 549 81 92 24 fragile
328 246 455 135 89 53 robuste
329 142 9304 210 210 36 robuste
330 215 429 129 78 79 robuste
331 198 591 116 103 71 standard
332 247 297 49 143 68 standard
333 214 555 66 116 77 standard
334 118 8457 173 173 44 fragile
335 149 405 118 68 66 fragile
336 178 517 90 120 63 fragile
337 246 4965 160 160 28 standard
338 97 167 95 125 32 standard
339 214 398 115 115 25 robuste
340 121 9417 229 229 72 fragile
341 426 804 42 42 47 standard
342 419 4945 100 100 53 robuste
343 220 8229 146 146 83 standard
344 63 9481 240 240 65 standard
345 395 4237 90 90 55 fragile
346 139 375 93 146 33 fragile
347 238 587 108 141 63 robuste
348 246 353 128 103 48 fragile
349 152 281 101 116 64 fragile
350 295 5058 152 152 99 standard
351 214 8473 185 185 58 robuste
352 327 4447 83 83 82 fragile
353 106 253 106 69 60 fragile
354 425 4573 97 97 80 standard
355 281 483 117 59 48 standard
356 186 433 95 120 49 standard
357 178 275 61 88 33 fragile
358 567 2043 64 64 89 fragile
359 362 7705 163 163 61 standard
360 145 246 60 43 33 robuste
361 130 8926 196 196 75 robuste
362 241 4972 137 137 94 standard
363 446 5298 108 108 76 standard
364 158 386 71 114 52 fragile
365 193 505 82 76 45 standard
366 660 3558 86 86 86 fragile
367 220 8541 180 180 20 robuste
368 135 9369 182 182 32 robuste
369 248 8109 174 174 42 standard
370 454 3558 86 86 86 fragile
371 386 4603 119 119 35 standard
372 304 6807 130 130 64 standard
373 93 194 149 33 68 fragile
374 233 261 35 58 65 robuste
375 195 487 100 131 20 fragile
376 154 373 60 121 33 robuste
377 143 215 45 64 72 robuste
378 467 463 38 38 51 fragile
379 660 839 30 30 25 fragile
380 290 365 82 128 67 robuste
381 422 1392 50 50 75 fragile
382 296 870 103 58 69 fragile
383 228 4309 140 140 60 standard
384 640 1002 40 40 66 robuste
385 240 289 62 116 32 fragile
386 184 8518 207 207 42 robuste
387 295 872 122 145 58 robuste
388 92 177 112 111 17 robuste
389 218 236 143 127 77 fragile
390 197 526 130 146 53 robuste
391 327 4447 83 83 82 standard
392 429 6438 152 152 99 standard
393 514 807 31 31 72 fragile
394 207 573 45 112 34 standard
395 346 5270 141 141 29 standard
396 620 669 38 38 51 fragile
397 109 319 62 150 76 robuste
398 825 1588 53 53 69 fragile
399 262 7363 143 143 94 standard
400 83 150 41 131 65 fragile
401 543 3292 65 65 89 fragile
402 639 3954 80 80 40 fragile
403 89 103 69 89 72 standard
404 96 124 111 131 73 standard
405 123 167 97 82 38 robuste
406 278 513 136 145 51 fragile
407 240 401 112 111 56 robuste
408 256 512 105 68 69 standard
409 121 7399 229 229 72 robuste
410 99 270 111 131 22 fragile
411 85 5643 220 220 95 robuste
412 403 6006 130 130 20 standard
413 277 6006 130 130 20 standard
414 262 7363 150 150 94 standard
415 130 7013 196 196 75 robuste
416 98 199 59 94 60 fragile
417 158 449 140 105 69 fragile
418 63 9481 240 240 65 robuste
419 176 390 125 97 42 standard
420 177 482 111 104 56 fragile
421 253 559 79 82 58 robuste
422 365 3699 101 101 39 standard
423 276 416 56 68 42 standard
424 214 254 61 85 66 standard
425 514 1028 22 22 72 fragile
426 156 236 38 100 52 fragile
427 211 633 44 128 66 robuste
428 211 514 87 129 61 robuste
429 93 8971 218 218 48 standard
430 289 750 41 146 43 standard
431 147 280 146 101 30 fragile
432 157 5118 170 170 89 robuste
433 300 348 54 66 60 fragile
434 467 669 35 35 51 fragile
435 288 623 140 145 35 fragile
436 660 1320 30 30 25 fragile
437 249 7705 163 163 61 fragile
438 195 283 45 47 24 fragile
439 109 304 138 101 62 standard
440 293 491 69 133 75 standard
441 102 213 88 136 61 robuste
442 327 3082 83 83 82 fragile
443 138 184 38 60 51 standard
444 300 7237 128 128 74 standard
445 226 7237 128 128 74 standard
446 280 6772 140 140 60 standard
447 92 153 60 68 30 standard
448 298 6673 119 119 88 robuste
449 207 528 83 109 18 fragile
450 95 196 117 77 60 standard
451 118 232 122 68 77 fragile
452 240 466 96 76 78 robuste
453 660 1320 23 23 25 fragile
454 237 451 36 67 64 robuste
455 640 1002 40 40 66 fragile
456 122 8301 190 190 90 robuste
457 116 9304 203 203 36 robuste
458 130 270 138 40 47 robuste
459 128 250 78 88 56 fragile
460 100 210 132 40 69 fragile
461 298 862 131 119 29 fragile
462 277 617 60 123 28 robuste
463 88 120 48 138 71 robuste
464 502 6126 110 110 53 standard
465 577 870 29 29 63 fragile
466 116 9304 210 210 36 robuste
467 200 465 35 127 37 fragile
468 237 459 87 35 60 standard
469 295 6438 152 152 99 standard
470 203 440 50 86 68 robuste
471 221 611 91 74 57 fragile
472 571 2335 60 60 24 fragile
473 262 348 87 43 58 fragile
474 157 409 47 35 19 robuste
475 503 6708 141 141 29 standard
476 194 509 136 47 75 robuste
477 195 421 58 129 63 standard
478 93 8971 218 218 48 robuste
479 215 8569 164 164 46 fragile
480 270 651 41 85 27 robuste
481 215 8569 164 164 46 robuste
482 290 670 63 104 63 robuste
483 228 6772 140 140 60 standard
484 110 294 69 62 44 robuste
485 295 411 82 41 43 standard
486 93 8971 209 209 48 robuste
487 214 8473 176 176 58 robuste
488 446 5298 108 108 76 fragile
489 249 7705 163 163 61 standard
490 472 2493 56 56 59 fragile
491 215 476 39 95 29 robuste
492 230 610 115 125 68 fragile
493 226 439 108 75 45 robuste
494 88 264 108 82 50 standard
495 121 9417 229 229 72 robuste
496 108 306 100 150 69 standard
497 144 170 134 55 32 fragile
498 98 118 92 121 71 standard
499 104 8868 220 220 95 robuste
500 693 1477 47 47 76 fragile
