1 198 386 130 68 46 fragile
2 212 522 142 68 41 fragile
3 264 290 70 117 32 fragile
4 260 708 145 35 77 fragile
5 268 521 57 84 28 standard
6 143 290 31 119 48 robuste
7 101 268 43 63 34 standard
8 205 609 106 36 53 fragile
9 593 43429 370 370 97 standard
10 145 263 39 122 27 standard
11 596 33743 329 329 86 standard
12 210 497 109 111 53 robuste
13 1655 13794 140 140 57 fragile
14 1190 17542 149 149 94 fragile
15 101 272 126 119 27 standard
16 247 686 58 68 25 fragile
17 142 246 45 125 76 standard
18 169 300 56 61 23 robuste
19 1353 5653 95 95 59 fragile
20 428 45193 420 420 86 robuste
21 412 48697 383 383 83 robuste
22 1169 20281 180 180 98 standard
23 195 498 80 33 40 standard
24 158 265 80 98 25 fragile
25 197 579 119 144 62 robuste
26 121 168 138 95 33 robuste
27 521 43587 349 349 70 standard
28 138 320 130 87 77 fragile
29 115 220 67 87 32 fragile
30 92 117 67 63 74 robuste
31 295 866 68 138 36 robuste
32 267 48534 419 419 94 robuste
33 155 237 55 75 67 robuste
34 268 558 69 59 46 standard
35 739 43929 338 338 29 standard
36 937 6907 110 110 43 fragile
37 102 118 148 106 70 standard
38 105 216 125 74 21 robuste
39 237 572 79 149 66 fragile
40 198 258 63 104 52 standard
41 1353 7149 95 95 59 fragile
42 93 227 126 103 31 standard
43 197 283 112 124 77 fragile
44 99 175 48 126 65 robuste
45 221 354 57 146 19 fragile
46 118 206 89 128 79 robuste
47 276 514 133 90 60 robuste
48 122 307 114 95 48 fragile
49 124 289 92 100 28 fragile
50 97 278 47 137 44 robuste
51 222 625 92 59 55 fragile
52 163 170 44 60 70 robuste
53 812 23929 200 200 56 fragile
54 1230 19890 170 170 72 fragile
55 137 301 100 132 68 robuste
56 215 542 63 115 77 standard
57 95 117 82 142 76 standard
58 558 32385 390 390 94 standard
59 251 434 98 111 75 fragile
60 340 37154 470 470 34 robuste
61 203 479 98 69 59 robuste
62 125 370 77 92 72 standard
63 130 204 85 139 63 fragile
64 214 301 110 46 31 robuste
65 449 46330 365 365 73 robuste
66 123 286 42 33 41 standard
67 181 231 62 101 21 fragile
68 103 204 89 94 80 standard
69 175 350 109 64 26 robuste
70 287 513 53 107 55 fragile
71 290 438 30 132 26 standard
72 147 50518 530 530 95 robuste
73 302 35129 440 440 62 robuste
74 1088 35631 266 266 54 standard
75 185 270 105 96 72 robuste
76 214 231 92 53 22 robuste
77 1008 11127 120 120 54 standard
78 137 284 67 34 50 robuste
79 162 425 67 144 39 robuste
80 979 19890 164 164 72 fragile
81 810 33030 280 280 33 fragile
82 405 48075 410 410 59 robuste
83 298 700 55 54 30 robuste
84 184 49512 464 464 97 fragile
85 164 347 139 47 36 standard
86 81 159 76 43 26 standard
87 834 23155 212 212 20 standard
88 348 49942 460 460 59 robuste
89 208 385 91 150 19 standard
90 129 187 108 136 47 robuste
91 167 353 113 115 73 robuste
92 901 29679 230 230 39 robuste
93 257 710 62 142 47 standard
94 189 433 111 84 66 standard
95 668 40701 340 340 48 standard
96 872 19363 210 210 51 fragile
97 1523 1963 68 68 87 fragile
98 1008 11127 114 114 54 fragile
99 137 226 70 52 60 standard
100 300 738 133 124 59 robuste
101 901 29679 224 224 39 standard
102 102 201 146 123 23 fragile
103 125 269 47 87 35 fragile
104 252 713 77 45 79 robuste
105 267 518 93 128 40 robuste
106 561 43929 338 338 29 standard
107 284 715 118 138 76 fragile
108 243 247 100 90 22 fragile
109 148 421 42 61 45 fragile
110 301 49564 480 480 29 robuste
111 234 510 91 114 31 robuste
112 242 397 116 93 32 robuste
113 120 247 128 41 46 robuste
114 253 612 38 78 43 robuste
115 815 26201 248 248 56 standard
116 84 183 81 85 55 fragile
117 209 405 107 142 56 standard
118 1318 13794 140 140 57 robuste
119 128 292 119 109 77 robuste
120 240 36953 480 480 29 robuste
121 593 32379 370 370 97 standard
122 212 560 46 105 43 standard
123 277 574 76 80 43 robuste
124 51 49692 500 500 34 standard
125 1038 24919 185 185 39 fragile
126 1008 11127 120 120 54 fragile
127 110 171 116 47 55 standard
128 203 548 133 72 29 standard
129 103 243 31 124 23 standard
130 412 48697 383 383 83 fragile
131 281 632 46 102 77 fragile
132 278 457 66 121 22 fragile
133 938 22449 240 240 41 standard
134 115 166 36 141 34 standard
135 452 47320 392 392 56 robuste
136 1277 2133 70 70 20 fragile
137 117 37664 530 530 95 robuste
138 150 338 147 76 40 standard
139 100 273 129 43 30 fragile
140 291 507 80 57 69 standard
141 286 699 127 60 22 fragile
142 109 51214 491 491 100 standard
143 657 24818 230 230 90 standard
144 1523 1963 68 68 87 robuste
145 651 29301 275 275 53 standard
146 267 649 30 34 40 robuste
147 240 273 42 51 15 robuste
148 903 24141 221 221 51 standard
149 283 689 134 75 49 robuste
150 508 45919 410 410 80 fragile
151 263 609 88 135 39 robuste
152 608 40329 311 311 78 standard
153 234 50983 455 455 32 robuste
154 223 644 57 126 75 fragile
155 158 345 133 41 71 standard
156 131 258 79 47 68 fragile
157 748 20043 194 194 83 fragile
158 247 352 96 30 63 fragile
159 1293 2586 59 59 41 fragile
160 248 497 109 111 76 robuste
161 206 399 83 51 67 standard
162 902 27993 220 220 87 fragile
163 537 38409 293 293 93 standard
164 289 679 53 54 47 robuste
165 82 82 63 49 53 fragile
166 275 318 93 108 15 standard
167 283 469 136 82 33 fragile
168 147 325 141 34 72 robuste
169 82 223 116 143 62 fragile
170 279 570 107 55 37 standard
171 172 334 106 39 16 robuste
172 231 245 70 133 60 fragile
173 118 141 136 103 78 fragile
174 212 569 34 130 80 robuste
175 650 38926 320 320 45 fragile
176 205 224 99 69 37 robuste
177 211 616 141 77 22 robuste
178 215 236 130 72 27 robuste
179 268 409 129 120 65 fragile
180 286 299 66 142 69 fragile
181 194 355 87 41 78 robuste
182 159 414 57 73 68 standard
183 300 633 34 114 60 standard
184 232 507 102 74 50 robuste
185 195 576 137 110 27 standard
186 220 349 86 78 30 standard
187 220 487 136 111 52 standard
188 287 574 106 58 18 robuste
189 95 131 60 83 77 fragile
190 903 13872 149 149 94 fragile
191 132 274 79 30 42 fragile
192 109 51214 491 491 100 robuste
193 1099 29281 212 212 20 standard
194 591 46330 365 365 73 robuste
195 265 513 82 79 25 fragile
196 254 476 35 84 25 robuste
197 291 384 34 101 15 fragile
198 830 27739 257 257 42 standard
199 158 361 40 90 29 standard
200 278 567 147 60 56 standard
201 903 30528 221 221 51 standard
202 979 14829 170 170 72 fragile
203 191 542 123 96 58 robuste
204 278 391 105 120 33 fragile
205 147 252 60 124 45 robuste
206 236 411 60 64 75 standard
207 150 354 30 50 26 standard
208 629 41800 360 360 50 fragile
209 272 305 130 67 41 standard
210 1093 35077 257 257 42 standard
211 985 25345 194 194 83 fragile
212 117 130 43 33 63 fragile
213 1038 21814 176 176 89 fragile
214 194 385 125 96 43 standard
215 214 605 33 128 65 robuste
216 1195 3823 77 77 42 fragile
217 1017 33030 280 280 33 standard
218 156 304 51 38 20 standard
219 172 332 141 35 52 standard
220 245 671 91 56 35 standard
221 114 277 104 42 79 standard
222 938 30111 240 240 41 standard
223 516 44577 400 400 93 robuste
224 240 396 51 36 65 fragile
225 290 49230 450 450 86 robuste
226 933 37098 310 310 93 standard
227 1388 6381 100 100 98 fragile
228 351 48534 419 419 94 robuste
229 701 43437 390 390 94 standard
230 994 23611 250 250 62 standard
231 903 30528 221 221 51 fragile
232 200 299 36 140 24 fragile
233 427 49834 470 470 34 robuste
234 158 291 89 98 60 standard
235 111 114 132 131 32 robuste
236 1145 15651 167 167 41 fragile
237 83 217 38 63 55 fragile
238 183 377 127 34 26 standard
239 127 375 49 36 17 robuste
240 1293 2586 52 52 41 fragile
241 205 277 136 61 65 fragile
242 114 306 139 95 27 standard
243 246 400 84 55 31 robuste
244 125 363 76 79 34 robuste
245 220 481 129 88 78 robuste
246 297 878 30 119 65 robuste
247 194 199 143 41 57 standard
248 816 38926 320 320 45 standard
249 249 393 82 119 48 standard
250 262 708 70 61 43 standard
251 1388 8559 100 100 98 fragile
252 189 275 102 76 55 robuste
253 105 177 115 113 45 fragile
254 558 43437 390 390 94 standard
255 321 48237 428 428 33 robuste
256 264 771 76 62 46 fragile
257 1461 16608 160 160 81 fragile
258 904 39369 330 330 29 standard
259 181 308 82 142 70 robuste
260 156 403 85 65 68 robuste
261 232 534 73 148 73 robuste
262 126 50284 540 540 50 standard
263 84 137 34 52 55 fragile
264 292 362 56 86 52 standard
265 102 192 82 43 18 fragile
266 113 270 92 130 26 standard
267 103 270 141 149 50 standard
268 285 526 134 42 49 fragile
269 168 314 134 127 32 standard
270 131 280 88 31 62 fragile
271 743 37098 304 304 93 standard
272 179 409 146 63 67 fragile
273 1406 27609 203 203 44 fragile
274 194 552 45 125 44 robuste
275 177 360 132 99 17 standard
276 148 226 121 39 25 standard
277 1604 2133 70 70 20 fragile
278 224 255 58 137 49 robuste
279 130 51735 475 475 92 robuste
280 201 400 96 115 41 fragile
281 214 541 110 125 70 fragile
282 811 32902 270 270 32 robuste
283 297 859 115 132 21 standard
284 290 36704 450 450 86 robuste
285 80 167 42 127 43 standard
286 220 447 89 141 49 robuste
287 364 49230 450 450 86 robuste
288 122 285 89 110 33 standard
289 150 193 131 47 46 robuste
290 903 17542 149 149 94 fragile
291 106 212 122 37 35 fragile
292 238 326 75 138 73 fragile
293 259 49012 446 446 81 robuste
294 255 310 107 66 53 standard
295 178 184 41 106 56 standard
296 151 354 92 53 80 robuste
297 1014 5589 90 90 61 fragile
298 273 620 102 91 46 standard
299 156 436 119 143 80 standard
300 142 165 35 139 16 standard
301 1293 2045 59 59 41 fragile
302 296 740 51 40 78 fragile
303 227 494 120 125 15 robuste
304 107 131 116 85 37 fragile
305 231 536 119 99 37 standard
306 754 26329 300 300 64 standard
307 279 548 93 55 40 fragile
308 186 549 93 82 77 standard
309 225 651 72 59 63 robuste
310 178 402 122 30 21 fragile
311 1058 8943 104 104 99 robuste
312 834 29281 212 212 20 standard
313 139 405 65 41 20 standard
314 971 11616 131 131 58 fragile
315 279 650 64 143 71 fragile
316 215 503 116 48 23 robuste
317 87 190 68 63 37 standard
318 134 378 120 42 15 robuste
319 197 49012 446 446 81 fragile
320 277 351 52 127 75 robuste
321 221 38090 437 437 92 robuste
322 341 45193 414 414 86 robuste
323 163 207 140 66 54 fragile
324 266 506 139 32 31 fragile
325 299 442 40 137 50 fragile
326 1743 8559 100 100 98 fragile
327 267 736 104 30 26 fragile
328 169 388 126 45 64 standard
329 184 39154 464 464 97 robuste
330 125 232 49 90 16 standard
331 280 605 100 75 24 fragile
332 1218 10260 130 130 78 fragile
333 1177 9265 110 110 43 fragile
334 1163 16608 160 160 81 fragile
335 979 19890 170 170 72 robuste
336 263 711 66 64 31 fragile
337 227 618 56 127 36 robuste
338 302 47118 440 440 62 standard
339 107 303 119 144 25 robuste
340 1020 19558 158 158 87 standard
341 149 417 72 133 69 robuste
342 267 464 126 74 71 robuste
343 826 35631 266 266 54 standard
344 1145 19792 167 167 41 standard
345 98 237 37 64 65 standard
346 815 33132 248 248 56 standard
347 287 404 38 68 20 robuste
348 301 48454 430 430 76 standard
349 104 222 101 125 46 robuste
350 289 412 31 31 58 standard
351 240 49564 474 474 29 robuste
352 86 145 30 149 67 fragile
353 204 600 71 116 80 fragile
354 173 506 94 51 30 robuste
355 257 413 72 108 54 fragile
356 203 290 57 87 75 robuste
357 213 460 88 130 41 standard
358 288 427 86 72 70 standard
359 449 46330 365 365 73 fragile
360 254 457 102 76 50 robuste
361 270 756 118 60 21 standard
362 185 410 147 92 29 robuste
363 557 43891 380 380 26 robuste
364 249 304 36 106 21 fragile
365 720 39369 330 330 29 robuste
366 1001 33043 260 260 37 standard
367 277 579 114 78 25 robuste
368 244 612 45 98 15 fragile
369 218 573 113 52 79 fragile
370 164 402 138 62 15 fragile
371 110 206 53 52 80 robuste
372 1468 20281 180 180 98 fragile
373 630 42048 350 350 53 standard
374 1722 11241 113 113 56 fragile
375 164 205 89 119 19 robuste
376 245 663 56 98 70 robuste
377 133 218 62 150 25 standard
378 1277 1590 70 70 20 fragile
379 1279 14689 131 131 58 fragile
380 745 43429 370 370 97 standard
381 122 237 43 49 28 standard
382 930 16389 133 133 89 fragile
383 177 245 142 68 32 fragile
384 262 543 133 150 54 standard
385 98 111 72 34 26 robuste
386 168 457 99 130 77 fragile
387 107 172 135 121 67 fragile
388 237 681 134 87 28 fragile
389 162 285 39 126 77 standard
390 198 316 50 72 69 standard
391 557 43891 380 380 26 standard
392 126 282 91 132 71 standard
393 521 45117 374 374 77 robuste
394 128 223 67 99 77 fragile
395 169 328 136 150 33 standard
396 114 313 59 39 40 fragile
397 293 562 120 96 50 fragile
398 1318 10284 140 140 57 fragile
399 139 171 35 58 77 standard
400 119 356 149 49 20 standard
401 348 37235 460 460 59 robuste
402 251 356 77 59 20 fragile
403 260 291 106 108 76 standard
404 138 398 116 122 29 robuste
405 126 37490 540 540 50 robuste
406 291 48166 437 437 92 robuste
407 197 424 134 60 25 fragile
408 707 38409 293 293 93 standard
409 453 44529 347 347 23 standard
410 288 548 50 37 42 standard
411 152 166 125 136 26 standard
412 1133 27993 220 220 87 fragile
413 192 425 32 45 35 robuste
414 452 42028 320 320 91 standard
415 554 38799 302 302 21 standard
416 238 469 44 111 73 standard
417 130 51735 482 482 92 robuste
418 160 322 50 73 44 fragile
419 651 34569 290 290 44 standard
420 269 667 121 130 34 standard
421 252 319 121 67 59 fragile
422 195 346 38 97 34 standard
423 194 377 142 91 74 standard
424 308 48075 410 410 59 standard
425 290 694 36 51 70 standard
426 826 28177 266 266 54 standard
427 1095 25971 210 210 51 fragile
428 857 37053 275 275 53 standard
429 1178 30111 240 240 41 standard
430 161 392 119 136 56 standard
431 901 10033 122 122 57 fragile
432 1187 12688 122 122 57 fragile
433 297 466 94 31 45 fragile
434 2007 1963 68 68 87 fragile
435 994 31669 244 244 62 standard
436 227 423 79 83 32 standard
437 254 36676 490 490 76 robuste
438 294 658 55 136 46 robuste
439 686 43587 356 356 70 standard
440 98 156 118 46 76 standard
441 176 407 110 64 68 robuste
442 242 670 126 83 20 fragile
443 188 547 121 94 68 standard
444 208 279 131 91 15 standard
445 82 206 36 140 60 robuste
446 240 49564 480 480 29 fragile
447 651 34569 290 290 44 fragile
448 275 281 150 134 21 standard
449 115 299 131 75 36 fragile
450 994 31669 250 250 62 standard
451 171 52321 520 520 27 fragile
452 184 49512 457 457 97 robuste
453 278 834 103 44 49 standard
454 554 38799 302 302 21 fragile
455 1857 3937 80 80 37 fragile
456 1169 20281 180 180 98 fragile
457 185 500 57 110 34 fragile
458 256 414 35 104 75 standard
459 180 472 60 42 21 fragile
460 172 226 132 70 67 robuste
461 300 433 129 75 18 standard
462 130 364 53 76 56 robuste
463 299 399 65 137 77 robuste
464 657 31384 230 230 90 standard
465 102 127 86 140 42 robuste
466 378 48454 430 430 76 robuste
467 147 208 87 69 74 robuste
468 112 157 69 123 52 fragile
469 138 384 141 35 69 standard
470 147 40245 473 473 34 robuste
471 1020 15466 158 158 87 fragile
472 297 619 60 67 48 standard
473 246 411 142 35 20 robuste
474 294 357 117 62 33 fragile
475 817 34569 290 290 44 standard
476 1225 16389 140 140 89 fragile
477 86 203 125 117 34 fragile
478 1435 6136 86 86 31 standard
479 147 257 105 38 16 robuste
480 191 530 39 105 22 robuste
481 1344 19558 158 158 87 fragile
482 254 49192 490 490 76 standard
483 249 366 121 134 30 standard
484 308 38018 410 410 59 robuste
485 251 296 60 30 16 robuste
486 196 335 44 81 66 standard
487 105 265 127 36 20 standard
488 220 411 59 131 15 robuste
489 168 309 122 136 59 robuste
490 629 41800 354 354 50 standard
491 207 440 63 121 24 fragile
492 164 269 50 36 27 robuste
493 343 37420 392 392 56 robuste
494 126 258 37 51 48 standard
495 1195 3823 77 77 42 robuste
496 211 236 61 75 65 fragile
497 170 346 146 58 66 standard
498 148 357 58 116 41 fragile
499 1020 23929 200 200 56 fragile
500 192 430 87 35 48 standard
501 68 51037 550 550 81 robuste
502 238 682 125 62 40 standard
503 183 446 111 131 26 fragile
504 227 647 131 62 24 robuste
505 294 788 36 100 70 fragile
506 453 35213 347 347 23 standard
507 244 48237 428 428 33 fragile
508 212 340 76 105 24 standard
509 222 50593 510 510 52 robuste
510 1335 17382 150 150 42 fragile
511 109 40500 491 491 100 robuste
512 87 249 106 80 56 standard
513 996 22465 190 190 64 standard
514 263 696 62 114 34 standard
515 1891 6136 86 86 31 fragile
516 270 668 124 101 43 robuste
517 299 384 91 128 44 standard
518 99 240 81 116 58 robuste
519 948 31893 239 239 66 standard
520 274 634 71 120 29 fragile
521 155 182 54 125 65 robuste
522 188 256 74 105 27 standard
523 194 443 95 132 80 robuste
524 242 315 125 80 52 standard
525 81 216 94 47 78 fragile
526 85 51037 550 550 81 robuste
527 150 433 74 71 74 robuste
528 230 332 115 80 66 fragile
529 595 42028 320 320 91 standard
530 1478 2935 80 80 37 fragile
531 1248 31669 250 250 62 standard
532 203 262 117 88 18 standard
533 1058 8943 104 104 99 fragile
534 234 50983 455 455 32 standard
535 179 515 134 46 28 fragile
536 157 322 105 42 58 robuste
537 112 258 32 61 20 fragile
538 290 781 84 41 52 robuste
539 449 36638 365 365 73 robuste
540 242 49512 464 464 97 robuste
541 181 305 131 65 30 robuste
542 197 258 140 117 37 fragile
543 785 42670 329 329 86 standard
544 213 428 144 150 70 standard
545 194 317 31 44 59 fragile
546 189 524 119 126 44 robuste
547 1018 32902 270 270 32 standard
548 1478 3937 80 80 37 fragile
549 179 419 146 131 61 standard
550 452 33236 320 320 91 standard
551 171 51735 482 482 92 robuste
552 135 272 90 70 60 robuste
553 184 49512 464 464 97 robuste
554 234 627 137 39 58 fragile
555 638 45919 410 410 80 robuste
556 111 200 74 32 67 fragile
557 1063 17382 150 150 42 fragile
558 293 557 135 110 33 standard
559 259 333 38 126 20 standard
560 277 824 78 142 47 fragile
561 228 279 116 56 63 standard
562 185 320 130 66 59 standard
563 255 472 115 110 42 robuste
564 146 259 43 31 27 fragile
565 103 267 92 144 48 fragile
566 902 20870 220 220 87 fragile
567 1435 4852 86 86 31 fragile
568 597 44529 347 347 23 standard
569 177 491 87 143 25 standard
570 255 469 55 96 79 robuste
571 282 362 72 79 32 fragile
572 164 348 143 57 57 standard
573 1318 13794 140 140 57 fragile
574 748 25345 194 194 83 standard
575 221 48166 437 437 92 robuste
576 197 49012 446 446 81 robuste
577 223 554 95 114 62 fragile
578 183 252 38 69 79 fragile
579 269 765 146 135 67 fragile
580 130 51735 482 482 92 fragile
581 1266 11127 120 120 54 fragile
582 130 40912 482 482 92 robuste
583 788 17250 176 176 89 fragile
584 971 14689 131 131 58 fragile
585 248 36716 500 500 91 robuste
586 268 770 80 70 52 fragile
587 270 49000 401 401 75 standard
588 165 165 74 111 16 fragile
589 206 500 77 109 55 standard
590 453 44529 347 347 23 robuste
591 253 712 102 60 64 fragile
592 281 779 47 144 55 standard
593 996 16749 190 190 64 fragile
594 125 185 75 149 37 fragile
595 284 583 31 128 70 fragile
596 266 343 55 63 24 robuste
597 638 36691 284 284 100 robuste
598 155 165 132 138 19 standard
599 840 36691 284 284 100 standard
600 994 31669 250 250 62 robuste
601 930 12960 140 140 89 fragile
602 149 188 83 147 55 fragile
603 111 121 145 138 57 standard
604 537 30374 293 293 93 standard
605 812 23929 200 200 56 robuste
606 84 212 122 65 51 fragile
607 273 505 133 99 67 fragile
608 106 139 76 127 49 robuste
609 137 266 52 106 16 fragile
610 221 248 79 83 55 robuste
611 1190 30528 221 221 51 standard
612 183 477 107 54 73 robuste
613 249 515 83 114 27 standard
614 521 34468 356 356 70 standard
615 297 343 124 44 27 robuste
616 411 44577 400 400 93 robuste
617 256 264 96 88 55 robuste
618 608 40329 311 311 78 robuste
619 264 727 90 42 71 standard
620 268 763 114 141 33 standard
621 340 49834 470 470 34 standard
622 126 50284 540 540 50 robuste
623 537 38409 293 293 93 robuste
624 298 708 126 77 61 standard
625 272 436 37 55 49 standard
626 177 37720 510 510 52 robuste
627 1435 6136 86 86 31 fragile
628 257 401 44 53 62 fragile
629 187 240 109 107 32 fragile
630 207 584 125 117 39 robuste
631 1058 7072 104 104 99 fragile
632 181 198 90 68 25 fragile
633 650 38926 320 320 45 standard
634 1394 8943 104 104 99 fragile
635 274 335 117 109 58 robuste
636 257 266 119 49 41 standard
637 267 387 125 129 49 robuste
638 253 662 138 73 28 robuste
639 141 396 93 79 29 fragile
640 730 38799 302 302 21 standard
641 608 31892 311 311 78 standard
642 224 348 77 81 73 fragile
643 1307 11241 113 113 56 fragile
644 170 434 132 70 67 fragile
645 240 49564 480 480 29 robuste
646 311 49246 500 500 91 robuste
647 1145 19792 167 167 41 fragile
648 521 43587 356 356 70 standard
649 272 611 35 102 66 standard
650 159 248 44 88 22 robuste
651 166 446 64 71 51 fragile
652 348 49942 460 460 59 standard
653 265 402 118 78 60 standard
654 508 45919 410 410 80 robuste
655 132 321 90 127 55 standard
656 154 447 71 120 52 standard
657 68 38051 550 550 81 robuste
658 85 219 37 59 43 standard
659 651 37053 275 275 53 standard
660 281 798 58 53 23 robuste
661 292 679 121 124 64 robuste
662 1307 8889 113 113 56 fragile
663 67 49692 500 500 34 robuste
664 202 362 71 107 40 robuste
665 187 394 93 67 48 standard
666 167 226 39 94 52 fragile
667 288 499 108 47 41 robuste
668 254 714 122 133 38 standard
669 226 677 98 117 75 robuste
670 267 38381 419 419 94 robuste
671 267 289 123 46 42 fragile
672 1478 3937 74 74 37 fragile
673 143 51214 491 491 100 robuste
674 215 367 45 141 63 standard
675 930 16389 140 140 89 fragile
676 106 158 78 138 54 fragile
677 657 31384 230 230 90 robuste
678 542 48697 383 383 83 robuste
679 252 634 91 104 68 fragile
680 152 424 127 132 49 standard
681 212 301 149 124 46 fragile
682 901 29679 230 230 39 standard
683 319 49192 490 490 76 robuste
684 144 390 35 125 30 fragile
685 1132 29679 230 230 39 standard
686 1218 13762 130 130 78 fragile
687 278 606 47 68 71 standard
688 110 303 103 145 33 standard
689 254 49192 490 490 76 robuste
690 83 87 30 98 67 fragile
691 177 50593 510 510 52 standard
692 1487 2974 60 60 50 robuste
693 947 35314 300 300 64 standard
694 122 217 93 74 48 robuste
695 117 140 136 139 56 fragile
696 257 305 95 130 51 standard
697 274 725 99 135 20 fragile
698 134 231 68 146 16 fragile
699 257 609 123 61 43 standard
700 1509 19792 167 167 41 fragile
701 108 141 143 132 36 fragile
702 298 805 94 138 75 robuste
703 238 507 49 60 39 standard
704 295 684 30 80 57 standard
705 224 239 92 51 25 robuste
706 247 311 147 37 50 fragile
707 192 371 108 113 36 fragile
708 147 50892 473 473 34 robuste
709 287 418 145 112 71 robuste
710 161 409 38 145 39 standard
711 1218 13762 130 130 78 robuste
712 1020 19558 151 151 87 fragile
713 811 24530 270 270 32 standard
714 125 219 82 100 76 fragile
715 229 281 89 68 65 robuste
716 1020 19558 158 158 87 fragile
717 51 49692 500 500 34 robuste
718 107 251 104 127 27 robuste
719 88 204 137 37 46 robuste
720 221 48166 430 430 92 robuste
721 297 361 115 119 60 fragile
722 596 42670 329 329 86 standard
723 223 508 63 76 61 standard
724 301 36125 430 430 76 robuste
725 113 163 136 129 43 standard
726 720 39369 330 330 29 standard
727 743 37098 310 310 93 standard
728 788 24919 185 185 39 fragile
729 234 40317 455 455 32 robuste
730 532 30345 340 340 48 standard
731 266 738 117 128 18 fragile
732 244 38146 428 428 33 robuste
733 89 190 81 48 66 standard
734 220 267 50 123 24 standard
735 1249 31893 239 239 66 standard
736 123 158 96 51 63 standard
737 277 382 77 50 47 fragile
738 1195 3023 77 77 42 fragile
739 270 38749 401 401 75 robuste
740 82 246 79 49 21 robuste
741 166 321 144 77 17 standard
742 137 330 65 36 79 standard
743 145 395 93 100 58 fragile
744 292 782 99 78 27 fragile
745 355 49000 401 401 75 robuste
746 117 299 140 46 46 standard
747 532 40701 340 340 48 standard
748 231 510 76 44 40 robuste
749 834 29281 212 212 20 fragile
750 810 24626 280 280 33 standard
751 630 31349 350 350 53 standard
752 302 47118 440 440 62 robuste
753 1277 2133 70 70 20 robuste
754 199 249 95 142 78 fragile
755 176 510 99 102 37 standard
756 341 45193 420 420 86 robuste
757 113 140 59 78 64 robuste
758 754 35314 300 300 64 standard
759 221 48166 437 437 92 standard
760 227 578 87 53 31 robuste
761 902 27993 220 220 87 standard
762 243 409 38 73 50 standard
763 208 509 46 43 64 standard
764 222 506 53 85 72 fragile
765 1163 12382 160 160 81 fragile
766 178 404 45 128 46 robuste
767 117 262 44 83 34 fragile
768 810 33030 280 280 33 standard
769 235 254 58 77 25 fragile
770 230 288 106 79 65 standard
771 126 160 82 54 23 standard
772 411 33235 400 400 93 robuste
773 903 17542 149 149 94 standard
774 84 142 146 147 66 robuste
775 412 38509 383 383 83 robuste
776 930 16389 140 140 89 robuste
777 291 332 50 133 53 robuste
778 128 354 123 83 26 robuste
779 125 299 54 67 72 robuste
780 1530 13762 130 130 78 fragile
781 1067 21833 203 203 44 fragile
782 161 246 39 60 59 fragile
783 979 19890 170 170 72 fragile
784 554 30682 302 302 21 standard
785 256 748 100 93 41 standard
786 638 29015 284 284 100 standard
787 281 816 88 147 16 standard
788 282 780 50 123 70 fragile
789 1074 33132 248 248 56 standard
790 201 481 43 42 23 robuste
791 286 419 30 72 40 standard
792 340 49834 470 470 34 robuste
793 937 9265 110 110 43 fragile
794 93 185 137 92 34 robuste
795 638 36691 284 284 100 standard
796 748 25345 194 194 83 fragile
797 193 50892 473 473 34 robuste
798 341 33694 420 420 86 robuste
799 1014 4166 90 90 61 fragile
800 251 698 103 122 43 standard
801 865 31384 230 230 90 standard
802 699 43891 380 380 26 standard
803 229 434 39 87 76 fragile
804 81 196 52 70 22 standard
805 197 38759 446 446 81 robuste
806 173 452 79 140 68 fragile
807 253 628 137 76 32 standard
808 149 172 57 145 75 robuste
809 211 540 51 59 24 standard
810 629 41800 360 360 50 standard
811 244 48237 428 428 33 robuste
812 134 345 124 145 59 fragile
813 308 48075 410 410 59 robuste
814 182 217 52 58 20 standard
815 558 43437 390 390 94 robuste
816 788 24919 185 185 39 standard
817 84 85 144 71 39 fragile
818 170 284 113 41 43 fragile
819 214 52321 520 520 27 robuste
820 279 306 100 106 51 fragile
821 308 50983 455 455 32 robuste
822 131 277 93 86 16 robuste
823 227 660 37 127 43 standard
824 167 280 124 34 39 fragile
825 158 453 101 91 47 standard
826 171 39009 520 520 27 robuste
827 273 761 98 31 77 standard
828 112 301 67 42 75 standard
829 113 154 84 65 48 fragile
830 243 579 110 53 38 standard
831 155 233 63 100 68 robuste
832 126 132 71 79 49 standard
833 254 269 94 80 30 robuste
834 557 32723 380 380 26 standard
835 51 39296 500 500 34 robuste
836 81 227 48 45 20 fragile
837 797 24635 260 260 37 standard
838 901 22127 230 230 39 standard
839 158 50284 540 540 50 robuste
840 812 17840 200 200 56 fragile
841 124 173 142 102 18 robuste
842 121 236 113 127 43 robuste
843 117 133 68 64 78 robuste
844 791 42048 350 350 53 standard
845 121 220 108 119 21 fragile
846 159 382 71 80 23 fragile
847 1487 2974 60 60 50 fragile
848 901 12688 122 122 57 fragile
849 264 554 106 102 17 robuste
850 151 193 40 111 34 standard
851 630 42048 350 350 53 robuste
852 281 620 141 69 68 standard
853 1868 2974 60 60 50 fragile
854 122 287 114 115 60 fragile
855 154 308 148 94 28 fragile
856 348 49942 454 454 59 robuste
857 343 47320 392 392 56 robuste
858 107 141 108 55 73 standard
859 286 445 40 95 41 fragile
860 209 263 63 52 67 fragile
861 743 27659 310 310 93 standard
862 160 390 66 47 38 fragile
863 269 418 82 35 43 robuste
864 152 210 122 109 30 robuste
865 116 196 82 102 73 fragile
866 1274 5589 90 90 61 fragile
867 1783 7149 95 95 59 fragile
868 142 186 138 60 22 standard
869 172 294 108 51 19 fragile
870 197 534 105 45 72 fragile
871 272 392 34 142 79 robuste
872 117 50518 530 530 95 fragile
873 223 481 54 134 64 fragile
874 196 387 31 57 79 robuste
875 227 279 133 131 23 fragile
876 182 355 42 57 80 fragile
877 171 52321 520 520 27 robuste
878 561 34739 338 338 29 standard
879 288 702 138 94 18 fragile
880 131 238 121 124 42 fragile
881 651 25773 290 290 44 standard
882 89 133 113 92 75 standard
883 248 49246 500 500 91 robuste
884 379 47118 440 440 62 robuste
885 90 236 50 47 80 robuste
886 118 121 31 59 26 standard
887 124 214 33 78 69 robuste
888 801 40329 311 311 78 standard
889 240 362 63 40 69 fragile
890 299 581 80 100 56 fragile
891 190 528 96 96 27 fragile
892 176 319 130 61 56 standard
893 201 268 32 140 16 fragile
894 1704 2586 59 59 41 fragile
895 202 308 127 105 42 standard
896 273 474 136 58 62 fragile
897 219 507 117 148 50 fragile
898 150 353 107 147 46 standard
899 196 445 65 118 62 standard
900 120 212 57 49 38 fragile
901 1523 1963 61 61 87 fragile
902 247 643 144 99 75 robuste
903 95 100 121 52 56 robuste
904 1523 1552 68 68 87 fragile
905 996 22465 190 190 64 fragile
906 93 263 68 55 61 robuste
907 1067 27609 203 203 44 fragile
908 146 420 84 113 47 standard
909 209 355 148 37 65 fragile
910 216 328 33 90 35 robuste
911 788 21814 176 176 89 standard
912 297 370 83 110 66 robuste
913 1574 3823 77 77 42 fragile
914 256 374 137 32 21 standard
915 90 264 108 147 46 standard
916 650 29022 320 320 45 standard
917 948 31893 239 239 66 robuste
918 154 188 112 100 24 standard
919 1251 22465 190 190 64 fragile
920 219 237 94 148 68 standard
921 299 525 36 50 42 fragile
922 788 24919 178 178 39 fragile
923 263 726 106 90 61 robuste
924 224 320 119 75 33 standard
925 826 35631 266 266 54 robuste
926 116 200 102 43 78 fragile
927 396 35678 374 374 77 robuste
928 80 209 99 76 73 standard
929 396 45117 374 374 77 robuste
930 629 31164 360 360 50 standard
931 145 241 106 142 67 robuste
932 1169 15120 180 180 98 fragile
933 1008 8295 120 120 54 fragile
934 235 690 150 113 36 standard
935 788 19706 185 185 39 fragile
936 508 34235 410 410 80 robuste
937 1063 12959 150 150 42 fragile
938 178 309 78 147 29 fragile
939 201 515 107 42 37 fragile
940 811 32902 270 270 32 standard
941 250 712 62 40 62 fragile
942 948 25221 239 239 66 standard
943 872 25971 210 210 51 fragile
944 278 520 86 140 30 robuste
945 1487 2217 60 60 50 fragile
946 830 35077 257 257 42 standard
947 177 366 79 53 62 robuste
948 164 450 134 58 73 fragile
949 164 346 42 55 77 robuste
950 593 43429 364 364 97 standard
951 168 251 105 100 59 standard
952 117 50518 530 530 95 robuste
953 229 529 77 117 25 standard
954 452 42028 320 320 91 fragile
955 151 379 146 53 50 robuste
956 222 307 53 92 37 standard
957 289 824 37 137 64 standard
958 301 48454 430 430 76 robuste
959 720 29352 330 330 29 standard
960 217 400 70 82 30 robuste
961 212 632 122 66 18 standard
962 249 595 61 91 59 fragile
963 248 49246 500 500 91 fragile
964 257 434 129 147 37 fragile
965 175 514 140 76 24 standard
966 234 564 67 120 49 standard
967 171 267 73 145 77 robuste
968 788 21814 176 176 89 fragile
969 521 43587 356 356 70 robuste
970 290 49230 444 444 86 robuste
971 754 35314 294 294 64 standard
972 259 368 75 112 34 robuste
973 790 41800 360 360 50 standard
974 127 301 150 78 70 fragile
975 937 9265 110 110 43 standard
976 106 209 93 125 17 standard
977 85 101 147 134 24 robuste
978 197 573 124 34 40 robuste
979 133 347 53 93 69 fragile
980 106 186 41 123 28 standard
981 186 229 91 43 52 robuste
982 237 539 120 132 53 robuste
983 270 49000 401 401 75 robuste
984 103 192 83 99 66 robuste
985 259 270 31 120 32 robuste
986 437 49942 460 460 59 robuste
987 127 267 76 108 48 standard
988 177 50593 510 510 52 robuste
989 167 254 63 43 24 standard
990 411 44577 400 400 93 standard
991 245 396 34 108 46 standard
992 177 379 41 66 71 fragile
993 299 879 76 37 78 robuste
994 286 483 52 51 42 robuste
995 204 374 53 129 25 fragile
996 797 33043 260 260 37 standard
997 128 204 63 113 53 fragile
998 120 281 69 149 56 fragile
999 197 326 144 78 59 robuste
1000 122 248 119 43 20 robuste
